1
1
8
0
(16 0
((0,0,0) (15,15,15) (0,0,0))
((0,0,32) (15,15,47) (0,0,0))
((0,0,16) (15,15,31) (0,0,0))
((0,0,48) (15,15,63) (0,0,0))
((0,16,0) (15,31,15) (0,0,0))
((0,16,32) (15,31,47) (0,0,0))
((0,16,16) (15,31,31) (0,0,0))
((0,16,48) (15,31,63) (0,0,0))
((16,0,0) (31,15,15) (0,0,0))
((16,0,32) (31,15,47) (0,0,0))
((16,0,16) (31,15,31) (0,0,0))
((16,0,48) (31,15,63) (0,0,0))
((16,16,0) (31,31,15) (0,0,0))
((16,16,32) (31,31,47) (0,0,0))
((16,16,16) (31,31,31) (0,0,0))
((16,16,48) (31,31,63) (0,0,0))
)
16
FabOnDisk: Cell_D_00000 0
FabOnDisk: Cell_D_00008 0
FabOnDisk: Cell_D_00004 0
FabOnDisk: Cell_D_00012 0
FabOnDisk: Cell_D_00002 0
FabOnDisk: Cell_D_00010 0
FabOnDisk: Cell_D_00006 0
FabOnDisk: Cell_D_00014 0
FabOnDisk: Cell_D_00001 0
FabOnDisk: Cell_D_00009 0
FabOnDisk: Cell_D_00005 0
FabOnDisk: Cell_D_00013 0
FabOnDisk: Cell_D_00003 0
FabOnDisk: Cell_D_00011 0
FabOnDisk: Cell_D_00007 0
FabOnDisk: Cell_D_00015 0

16,8
9.7997241597691354e-01,2.6819841069511736e-08,4.4522650392669609e+00,1.4338116877980661e-04,-2.5871336738572537e-01,-2.5868655626189652e-01,-7.0608150994207453e-01,4.9897962703413564e-03,
9.5919454583064234e-01,2.4153059859139192e-08,4.0667225645949712e+00,3.7820409571716687e-04,-2.2802447470920426e-01,-2.2798431594944410e-01,-3.0568050620477388e-01,1.6371839528362773e-03,
9.7689064471205211e-01,2.5998492907681512e-08,4.3562830134050987e+00,2.2551830642232015e-04,-6.2197872614358399e-02,-6.2212899937683613e-02,-6.9942322790386868e-01,9.1626799647255962e-03,
2.0131113696433469e+00,2.1276405178639042e-08,3.5696211407609053e+00,5.7200633630911914e-06,-1.4117652921821522e-02,-1.4109591660495703e-02,-2.2612900085267704e-02,2.2754009667290463e-04,
9.7996844417575824e-01,2.6820208802980783e-08,4.4523334849038623e+00,1.7894884154317679e-04,-2.5872010053011402e-01,-1.0079971659117844e-01,-7.0604692549183068e-01,4.9869451169259529e-03,
9.5919842567419278e-01,2.4153406096287785e-08,4.0668682949415906e+00,2.6109298504879886e-04,-2.2811015531036405e-01,-1.1306096858942537e-01,-3.0567857424858857e-01,1.6286073944247717e-03,
9.7687180353509251e-01,2.5998666112873297e-08,4.3561940656654761e+00,1.6520678555952765e-04,-6.2207634668122125e-02,-3.1936476647315359e-01,-6.9940566143318694e-01,9.1097636584993816e-03,
2.0130815279576391e+00,2.1276379597256301e-08,3.5696104075148494e+00,8.4995219886699372e-06,-1.4119329831366415e-02,-2.1083157703564469e-02,-2.2589237340247474e-02,2.2630734753978108e-04,
9.7997267517126319e-01,2.6819832496715983e-08,4.4523270611471490e+00,1.5867514889383286e-04,-1.0063052114481062e-01,-2.5868490000683975e-01,-7.0608585958859449e-01,4.9997054051279096e-03,
9.5919198923000148e-01,2.4153010311932537e-08,4.0667017483435695e+00,3.4807417418450176e-04,-1.1307028423652622e-01,-2.2801264254350620e-01,-3.0567267008098453e-01,1.6378794515785058e-03,
9.7689176299854086e-01,2.5998359522326544e-08,4.3562709146928240e+00,3.7862872155883628e-04,-3.1940347337680908e-01,-6.2213166517546464e-02,-6.9943791832394120e-01,9.1621992065367766e-03,
2.0131238583938122e+00,2.1276428295323638e-08,3.5696308472267284e+00,1.0606916952084076e-05,-2.1078683015327278e-02,-1.4109744963698082e-02,-2.2613224831190246e-02,2.2165465274829010e-04,
9.7996434182554693e-01,2.6820165625838711e-08,4.4523422590299013e+00,1.8685420010678333e-04,-1.0069894892719840e-01,-1.0078265164042963e-01,-7.0606410121462848e-01,4.9986962844647907e-03,
9.5919550133982956e-01,2.4153376256637254e-08,4.0668557525231819e+00,2.5745707592221843e-04,-1.1304107625695012e-01,-1.1305830278306168e-01,-3.0568856279543616e-01,1.6250949937464041e-03,
9.7687089698425922e-01,2.5998519873416216e-08,4.3561980071997493e+00,1.6256715633763830e-04,-3.1939068355403083e-01,-3.1936428460373917e-01,-6.9943137143249734e-01,9.1087916665027451e-03,
2.0130813289036178e+00,2.1276400953996685e-08,3.5696193730260903e+00,7.8457401351449347e-06,-2.1079021777043166e-02,-2.1085391602024717e-02,-2.2587547466371892e-02,2.2042165682565335e-04,

16,8
2.1307485468223897e+00,6.0411258819334844e-08,5.0741531778961395e+00,2.5461353616696805e+01,1.0067653078979340e-01,1.0066183131901876e-01,3.3024124135393423e-01,7.0693939206808554e-01,
2.0611384119830185e+00,5.4455598210348727e-08,4.4420880116495045e+00,2.2401330021260204e+01,1.1307063251130356e-01,1.1299045131690923e-01,2.8561894966152335e-01,3.2458881704963310e-01,
2.0950550074923515e+00,5.7153338334218823e-08,4.6990911394761365e+00,2.3149775156628060e+01,3.1942111026210041e-01,3.1945871434891793e-01,2.6523437423381091e-01,6.9963246700140014e-01,
2.0239045700708966e+00,2.4228922341763434e-08,4.0569464493517406e+00,3.0898203304889724e-02,2.1071820499223574e-02,2.1081783319991297e-02,3.4357225480492408e-02,3.4600386499938601e-02,
2.1307454479576382e+00,6.0411420521816274e-08,5.0741871474334239e+00,2.5451001030018325e+01,1.0073498500626636e-01,2.5870997567335935e-01,3.3021156059643630e-01,7.0690639962383961e-01,
2.0611571873599783e+00,5.4455633535832487e-08,4.4420766701987242e+00,2.2384590607139735e+01,1.1304915468415817e-01,2.2806337580826858e-01,2.8561541652695249e-01,3.2465091330586593e-01,
2.0950648691721989e+00,5.7153305718089079e-08,4.6991187698144072e+00,2.3156315718874311e+01,3.1939034454537912e-01,6.2219203986288905e-02,2.6513336782167080e-01,6.9961395206848054e-01,
2.0239300106613483e+00,2.4229111155551272e-08,4.0570269779992447e+00,3.0845177416174121e-02,2.1072396100376162e-02,1.4108753901549656e-02,3.4370010819810295e-02,3.4614286739854096e-02,
2.1307293270071845e+00,6.0411236613445341e-08,5.0741484927549232e+00,2.5456800870575336e+01,2.5867992828728420e-01,1.0067573690288933e-01,3.3024051717512931e-01,7.0694415799184551e-01,
2.0611441380782005e+00,5.4455375746488400e-08,4.4420915230573916e+00,2.2396574777941179e+01,2.2800151393410165e-01,1.1300757066617831e-01,2.8561378718845037e-01,3.2458778255813442e-01,
2.0950402163532287e+00,5.7153275627212916e-08,4.6990782850255872e+00,2.3149469169666315e+01,6.2212718226014659e-02,3.1945645623964047e-01,2.6519837116599371e-01,6.9964740313460183e-01,
2.0239004117266197e+00,2.4228935370404835e-08,4.0569520595024482e+00,3.0822708580346206e-02,1.4120507085242174e-02,2.1082720770747181e-02,3.4354242424153698e-02,3.4596240127391341e-02,
2.1307226768595529e+00,6.0411390361137125e-08,5.0741807846051357e+00,2.5451021760619955e+01,2.5869247726887279e-01,2.5871398773371951e-01,3.3019651950727419e-01,7.0692241337187633e-01,
2.0611621284257331e+00,5.4455625684965333e-08,4.4420717158542322e+00,2.2384293785772940e+01,2.2809755195187589e-01,2.2806127527849429e-01,2.8561859046856947e-01,3.2466134575177857e-01,
2.0950503229929911e+00,5.7153254970632641e-08,4.6991079959127697e+00,2.3156458292315474e+01,6.2219858473701734e-02,6.2222512707572605e-02,2.6513405360364539e-01,6.9964071977853604e-01,
2.0239289367047233e+00,2.4229100680107595e-08,4.0570228592555173e+00,3.0853980367007362e-02,1.4119710478412010e-02,1.4108682461860958e-02,3.4365505075400010e-02,3.4608958554229650e-02,

