HyperCLaw-V1.1
8
density
Temp
pressure
magvort
x_velocity
y_velocity
z_velocity
magvel
3
2.5
1
0 0 0 
0.5 0.5 1 
2 
((0,0,0) (31,31,63) (0,0,0)) ((0,0,0) (63,63,127) (0,0,0)) 
595 1190 
0.015625 0.015625 0.015625 
0.0078125 0.0078125 0.0078125 
0
0
0 16 2.5
595
0 0.25
0 0.25
0 0.25
0 0.25
0 0.25
0.5 0.75
0 0.25
0 0.25
0.25 0.5
0 0.25
0 0.25
0.75 1
0 0.25
0.25 0.5
0 0.25
0 0.25
0.25 0.5
0.5 0.75
0 0.25
0.25 0.5
0.25 0.5
0 0.25
0.25 0.5
0.75 1
0.25 0.5
0 0.25
0 0.25
0.25 0.5
0 0.25
0.5 0.75
0.25 0.5
0 0.25
0.25 0.5
0.25 0.5
0 0.25
0.75 1
0.25 0.5
0.25 0.5
0 0.25
0.25 0.5
0.25 0.5
0.5 0.75
0.25 0.5
0.25 0.5
0.25 0.5
0.25 0.5
0.25 0.5
0.75 1
Level_0/Cell
1 20 2.5
1190
0.0625 0.1875
0.0625 0.1875
0 0.125
0 0.25
0 0.25
0.125 0.25
0 0.25
0 0.25
0.4375 0.5625
0 0.25
0 0.25
0.25 0.4375
0 0.25
0 0.25
0.5625 0.8125
0.0625 0.1875
0.1875 0.4375
0 0.125
0 0.25
0.25 0.5
0.125 0.25
0 0.25
0.25 0.5
0.4375 0.5625
0 0.25
0.25 0.5
0.25 0.4375
0 0.25
0.25 0.5
0.5625 0.8125
0.1875 0.4375
0.0625 0.1875
0 0.125
0.25 0.5
0 0.25
0.125 0.25
0.25 0.5
0 0.25
0.4375 0.5625
0.25 0.5
0 0.25
0.25 0.4375
0.25 0.5
0 0.25
0.5625 0.8125
0.1875 0.4375
0.1875 0.4375
0 0.125
0.25 0.5
0.25 0.5
0.125 0.25
0.25 0.5
0.25 0.5
0.4375 0.5625
0.25 0.5
0.25 0.5
0.25 0.4375
0.25 0.5
0.25 0.5
0.5625 0.8125
Level_1/Cell
