1
1
8
0
(20 0
((8,8,0) (23,23,15) (0,0,0))
((0,0,16) (31,31,31) (0,0,0))
((0,0,56) (31,31,71) (0,0,0))
((0,0,32) (31,31,55) (0,0,0))
((0,0,72) (31,31,103) (0,0,0))
((8,24,0) (23,55,15) (0,0,0))
((0,32,16) (31,63,31) (0,0,0))
((0,32,56) (31,63,71) (0,0,0))
((0,32,32) (31,63,55) (0,0,0))
((0,32,72) (31,63,103) (0,0,0))
((24,8,0) (55,23,15) (0,0,0))
((32,0,16) (63,31,31) (0,0,0))
((32,0,56) (63,31,71) (0,0,0))
((32,0,32) (63,31,55) (0,0,0))
((32,0,72) (63,31,103) (0,0,0))
((24,24,0) (55,55,15) (0,0,0))
((32,32,16) (63,63,31) (0,0,0))
((32,32,56) (63,63,71) (0,0,0))
((32,32,32) (63,63,55) (0,0,0))
((32,32,72) (63,63,103) (0,0,0))
)
20
FabOnDisk: Cell_D_00001 0
FabOnDisk: Cell_D_00004 0
FabOnDisk: Cell_D_00002 0
FabOnDisk: Cell_D_00002 1048666
FabOnDisk: Cell_D_00005 0
FabOnDisk: Cell_D_00001 262233
FabOnDisk: Cell_D_00008 0
FabOnDisk: Cell_D_00011 0
FabOnDisk: Cell_D_00000 0
FabOnDisk: Cell_D_00013 0
FabOnDisk: Cell_D_00001 786611
FabOnDisk: Cell_D_00004 1048666
FabOnDisk: Cell_D_00010 0
FabOnDisk: Cell_D_00015 0
FabOnDisk: Cell_D_00006 0
FabOnDisk: Cell_D_00007 0
FabOnDisk: Cell_D_00009 0
FabOnDisk: Cell_D_00003 0
FabOnDisk: Cell_D_00003 1048668
FabOnDisk: Cell_D_00014 0

20,8
9.9674784378367132e-01,3.0043658691532737e-08,4.8695113067391560e+00,9.5641266248132578e-04,-1.9314710939172153e-01,-1.9312832042265521e-01,-2.7329717815893612e-01,3.1748447259385582e-02,
9.7827579642752505e-01,2.6799267217408317e-08,4.4458804773711265e+00,3.4296748305243275e-05,-2.7093706547664204e-01,-2.7093583543879513e-01,-7.1575872974317367e-01,1.2374709958164346e-02,
9.6962991896853989e-01,2.5626835619167107e-08,4.3120255484670666e+00,1.6818414532991066e-04,-2.4724858381678605e-01,-2.4721877265275469e-01,-3.3578466165047482e-01,3.1623786993726058e-03,
9.7675318840840142e-01,2.6288276829377782e-08,4.4630963975871412e+00,2.9838425565665249e-04,-3.1630417939529150e-02,-3.1647083419388031e-02,-7.0937411001838913e-01,1.5620300069709339e-03,
9.5894653092880633e-01,2.3437486455092819e-08,3.9385782576965691e+00,4.0475319071483401e-05,-1.9188724939791035e-01,-1.9190110551377002e-01,-2.2242139688235749e-01,2.2346797009758476e-04,
9.9675813449628059e-01,2.7962541421829362e-08,4.8696202877849242e+00,6.5757223952597245e-04,-2.2734883125315195e-01,-1.2897668686226724e-01,-3.4115965028910789e-01,3.1738928822649136e-02,
9.7827240520340109e-01,2.6799437620423491e-08,4.4459705347850385e+00,1.6003324885317287e-04,-2.7093801470683526e-01,-1.4209850102619842e-01,-7.1574409031176123e-01,1.2557272679227235e-02,
9.6961945956800510e-01,2.5626850584156921e-08,4.3120019595716368e+00,2.5415616292541319e-04,-2.4726114793816537e-01,-1.8109291651418044e-01,-3.3584838976680231e-01,3.1836517525782775e-03,
9.7674504260373718e-01,2.6288244165580643e-08,4.4631951683662425e+00,1.1773088506659292e-04,-3.1615110456562352e-02,-3.3061806429515278e-01,-7.0934564502774322e-01,1.6392321774625796e-03,
9.5895282948745098e-01,2.3437484357535802e-08,3.9385864258492420e+00,1.9040821798581458e-04,-1.9174989056010883e-01,-1.1731716092703580e-01,-2.2237675342251018e-01,2.0641235788885560e-04,
9.9674527443097105e-01,2.7962587088741376e-08,4.8695016904389430e+00,1.0994069538498724e-03,-1.2896337961924184e-01,-2.2732547371853579e-01,-3.4115384736994675e-01,3.1739107126966676e-02,
9.7828213761173799e-01,2.6799266817709950e-08,4.4459506111554301e+00,1.8237382134950883e-04,-1.4191209632128307e-01,-2.7093622265999273e-01,-7.1576936880657938e-01,1.2340510084443441e-02,
9.6962607454176397e-01,2.5626841220995241e-08,4.3119944913639952e+00,1.8945818042463778e-04,-1.8103419682120381e-01,-2.4723537832639453e-01,-3.3578702376868635e-01,3.1700321087105706e-03,
9.7676308794351341e-01,2.6288268132318378e-08,4.4631332361665450e+00,1.9796423332525879e-04,-3.3068234996957657e-01,-3.1653326036651420e-02,-7.0938821884546066e-01,1.5383680805394599e-03,
9.5894462579926454e-01,2.3437483679585907e-08,3.9385915490574264e+00,1.0368592092125211e-04,-1.1729469902440090e-01,-1.9188585237038258e-01,-2.2242033609583853e-01,2.2201407739605737e-04,
9.9675679555832886e-01,2.7886764508096321e-08,4.8696057909447514e+00,1.0736734041762648e-04,-1.3393594554242691e-01,-1.3395258152308345e-01,-3.4847221078593421e-01,1.1201304499864645e-02,
9.7827343085056895e-01,2.6799439566140032e-08,4.4459894825336557e+00,1.8940742438262512e-04,-1.4198387321107769e-01,-1.4207759724644395e-01,-7.1576598320943874e-01,1.2525621632283459e-02,
9.6961841999954024e-01,2.5626853716407220e-08,4.3119634757256291e+00,2.7042293318868039e-04,-1.8103703076983854e-01,-1.8109084696400210e-01,-3.3585070836189396e-01,3.1795817149106198e-03,
9.7674558851495019e-01,2.6288226776299081e-08,4.4632146051358124e+00,6.9916940699281220e-05,-3.3066710222348628e-01,-3.3061783825849739e-01,-7.0936712928084422e-01,1.6416475518634935e-03,
9.5895010127092672e-01,2.3437482057560559e-08,3.9385942674716867e+00,3.4421952007990806e-05,-1.1729335520621272e-01,-1.1731785452220538e-01,-2.2236793094977053e-01,2.0295641815382029e-04,

20,8
1.9687820725803247e+00,6.0326228349884284e-08,5.0526442053901892e+00,1.5094218959152352e+01,-2.2002591728321239e-02,-2.1988420674341196e-02,7.5745662079078527e-02,2.9875041778759193e-01,
2.1312073102711224e+00,5.8669696391707439e-08,4.9313050401155554e+00,3.1733482866379799e+01,1.4198249282546413e-01,1.4196828296370551e-01,3.4333632216934540e-01,7.1602059847473176e-01,
2.0779440787122154e+00,5.5163249865732833e-08,4.5356140021281641e+00,2.8701297729251159e+01,1.8105176810425733e-01,1.8109982353255127e-01,2.6129115835364036e-01,3.4620864898766468e-01,
2.0959551914544963e+00,5.7198460489483772e-08,4.7035408121212550e+00,2.6436361263039419e+01,3.3068433270288999e-01,3.3073672403729337e-01,2.9653709847216342e-01,7.0938409795904023e-01,
2.0500350838919852e+00,5.3877979060501708e-08,4.3601080145023854e+00,2.3352213150118892e+01,1.1729629351388278e-01,1.1727944774910878e-01,2.9491356923158951e-01,2.9667602064584786e-01,
2.1228253782960791e+00,6.0377780194811750e-08,5.0638824104974107e+00,1.5091647155410918e+01,-2.1990953935910610e-02,1.9314324307881606e-01,7.5758076338825739e-02,3.4433138330904206e-01,
2.1312065489372030e+00,5.8669351875062442e-08,4.9312981578547967e+00,3.1739882852230803e+01,1.4202431061450005e-01,2.7089432602527624e-01,3.4329963707878519e-01,7.1600624480611563e-01,
2.0779406280331654e+00,5.5163131114929938e-08,4.5356011820596969e+00,2.8695340676198065e+01,1.8105441951433962e-01,2.4721467938454908e-01,2.6142545957167990e-01,3.4624745430388737e-01,
2.0959616478230210e+00,5.7198448950449275e-08,4.7035540439266645e+00,2.6427319265949698e+01,3.3065271458047413e-01,3.1597024034699391e-02,2.9647945083551847e-01,7.0935543382456290e-01,
2.0500378035428057e+00,5.3877373032559738e-08,4.3600297576710654e+00,2.3335570997636577e+01,1.1729635850646877e-01,1.9176977416104021e-01,2.9490023263184717e-01,2.9665457722686078e-01,
2.1228163988139483e+00,6.0377816294444475e-08,5.0638895835386357e+00,1.5095019953197584e+01,1.9314412075246140e-01,-2.1982735818802827e-02,7.5750337232842399e-02,3.4433203442033322e-01,
2.1311958932363719e+00,5.8669699449186087e-08,4.9312668802793631e+00,3.1732745468071936e+01,2.7089556553550415e-01,1.4197758371421382e-01,3.4333557283811567e-01,7.1603137770860870e-01,
2.0779415327069848e+00,5.5163397077149905e-08,4.5356039902608085e+00,2.8700307347325150e+01,2.4722685695662980e-01,1.8109844569962091e-01,2.6129225563116226e-01,3.4620723123284952e-01,
2.0959472388037876e+00,5.7198444312923911e-08,4.7035342679177239e+00,2.6434733367198163e+01,3.1606669870980882e-02,3.3073474417656401e-01,2.9653702178662300e-01,7.0939818492369477e-01,
2.0500331704102930e+00,5.3877994202536648e-08,4.3601499134516226e+00,2.3350102259468837e+01,1.9188047379513853e-01,1.1727926990842481e-01,2.9490748475350570e-01,2.9667062998194815e-01,
2.1302746772959233e+00,6.0443232535535167e-08,5.0781823797725947e+00,1.5092055868036956e+01,2.2734117022265823e-01,2.2733163254092920e-01,7.5762703444278295e-02,3.5063078553311777e-01,
2.1311943414945742e+00,5.8669378237600725e-08,4.9312572910863501e+00,3.1737014049757743e+01,2.7090107237728972e-01,2.7089588591679892e-01,3.4328656466277840e-01,7.1602808426555231e-01,
2.0779375885738767e+00,5.5163266363595902e-08,4.5355893748640250e+00,2.8695433292799617e+01,2.4725218282062061e-01,2.4721540561441907e-01,2.6142964788794393e-01,3.4624903156434567e-01,
2.0959546994397931e+00,5.7198428331619869e-08,4.7035482039200414e+00,2.6426489179160715e+01,3.1601164942548395e-02,3.1597181570010055e-02,2.9643616051626348e-01,7.0937712751015136e-01,
2.0500356896702843e+00,5.3877392449087875e-08,4.3600636426164217e+00,2.3335568068415895e+01,1.9174309574663384e-01,1.9176754298653970e-01,2.9490411620064688e-01,2.9665830016966827e-01,

